face 0.3959447 112 601 155 653
face 0.4197307 125 833 156 877
face 0.42976534 570 571 645 644
face 0.4374554 183 825 218 872
face 0.43855432 237 285 295 341
face 0.53217256 458 574 521 642
text 0.35440132 364 448 475 583
text 0.41647285 102 452 139 549
text 0.48450404 125 691 173 805
text 0.49508464 111 116 154 184
text 0.55407107 213 105 246 205
text 0.56867695 120 955 189 1060
text 0.5779563 638 732 744 869
text 0.588727 161 479 176 523
text 0.6070212 266 707 353 882
text 0.61282444 582 950 742 1131
text 0.6158227 634 460 740 557
text 0.62194824 195 1084 229 1127
text 0.62776554 319 140 355 226
text 0.66803795 676 67 742 358
text 0.77305406 235 460 310 607
