face 0.30291966 942 916 1019 990
face 0.34278116 169 409 427 653
face 0.3618771 463 164 509 232
face 0.4195187 696 501 759 590
face 0.47215343 1179 878 1268 980
face 0.52002233 1093 442 1140 502
face 0.541343 245 959 301 1030
face 0.55017644 598 540 644 596
face 0.56261593 998 109 1112 208
face 0.5722885 600 105 665 185
face 0.63618356 243 767 345 867
face 0.66246456 1326 76 1450 219
face 0.7211021 139 100 259 222
text 0.3080961 1524 359 1558 407
text 0.3143846 1316 813 1335 855
text 0.31875545 1403 648 1441 765
text 0.3507508 1378 1034 1396 1104
text 0.4376221 706 317 750 390
text 0.54743385 318 84 339 172
text 0.5648454 1546 816 1564 882
text 0.57241756 376 68 427 160
text 0.5849947 502 317 532 463
text 0.5955785 731 65 750 157
text 0.60690796 1057 813 1078 893
text 0.61986476 1535 86 1555 146
text 0.6540682 580 319 643 423
text 0.695624 1201 177 1247 318
text 0.70494634 1323 377 1364 518
text 0.7258761 1376 857 1396 939
text 0.72920984 85 918 153 1027
text 0.7495371 93 731 146 847
