face 0.34471795 290 866 313 896
face 0.36490756 142 155 193 240
face 0.40470043 542 1010 590 1062
face 0.40660307 151 394 315 602
face 0.438934 872 789 1017 968
face 0.45323154 1032 347 1059 384
face 0.5357036 627 988 684 1056
face 0.56221676 559 778 640 863
face 0.600079 1137 84 1295 227
face 0.6239572 232 120 316 211
face 0.6581295 608 131 687 229
face 0.7380663 1463 1001 1510 1070
face 0.7452747 520 464 653 662
text 0.31592304 488 45 541 161
text 0.37352338 95 735 180 846
text 0.3837943 384 49 449 149
text 0.38642782 1150 307 1234 496
text 0.40010425 91 1002 131 1084
text 0.41276366 891 294 942 504
text 0.4173447 1067 977 1127 1073
text 0.4562135 481 953 519 1036
text 0.48432517 715 956 755 1062
text 0.49577078 384 750 452 846
text 0.5249258 1391 1041 1421 1096
text 0.5664229 693 737 754 865
text 0.60709697 403 300 447 397
text 0.636475 1082 729 1121 859
text 0.65560067 936 69 987 202
text 0.6624784 1329 724 1350 835
text 0.66355366 1423 79 1518 210
text 0.68587327 731 81 751 209
text 0.74308103 90 67 109 105
text 0.767327 687 331 747 439
