face 0.3223743 497 597 544 650
face 0.32251853 665 910 724 978
face 0.33066976 1111 261 1165 321
face 0.35031316 347 914 390 966
face 0.35033262 1011 257 1077 328
face 0.36135253 68 598 144 687
face 0.36872604 1389 492 1456 564
face 0.38416046 1013 672 1047 719
face 0.42188895 599 599 661 662
face 0.44509396 1291 676 1341 728
face 0.4689558 231 926 284 994
face 0.4728164 901 257 955 328
face 0.50204915 1290 481 1356 549
face 0.51312715 294 159 533 407
face 0.5132771 514 951 586 1037
face 0.58917207 294 595 378 682
face 0.58924 1165 662 1207 713
text 0.30750462 687 538 756 682
text 0.3604939 1486 423 1558 570
text 0.3795189 898 415 957 552
text 0.3816517 1531 648 1556 725
text 0.3822013 927 893 992 1057
text 0.45462748 992 72 1064 172
text 0.46340835 1350 321 1369 389
text 0.4681254 471 776 531 916
text 0.4820488 180 526 217 636
text 0.49677175 1142 419 1194 520
text 0.5118147 126 765 181 866
text 0.52124697 893 717 936 796
text 0.5493625 714 770 762 868
text 0.5541703 1402 887 1554 1073
text 0.59060293 1229 626 1265 696
text 0.6002938 1208 77 1252 181
text 0.6241393 1507 66 1553 173
text 0.6249262 889 92 937 223
text 0.6267746 371 773 438 865
text 0.64971155 1246 399 1270 478
text 0.67933816 428 527 471 656
text 0.71965575 663 130 745 245
