face 0.33599594 1410 955 1504 1063
face 0.3362986 965 130 1120 292
face 0.3434062 191 992 247 1046
face 0.4040442 111 960 158 1018
face 0.44829717 1084 811 1172 911
face 0.49949774 361 679 517 826
face 0.50604177 1318 500 1378 567
face 0.5096213 1246 819 1337 911
face 0.5144155 1343 692 1403 786
face 0.51511186 571 939 650 1043
face 0.5708771 467 100 590 234
face 0.6084071 1458 719 1504 789
face 0.6126719 892 833 994 951
face 0.66032946 139 91 276 221
face 0.6725397 342 950 396 1017
text 0.32395706 637 74 771 246
text 0.3283038 269 946 287 1003
text 0.3783299 1193 861 1235 984
text 0.39101714 1057 410 1156 549
text 0.40931007 1515 78 1563 173
text 0.44953966 144 862 262 922
text 0.46979687 544 779 556 828
text 0.47427872 629 700 723 802
text 0.49689242 152 699 258 799
text 0.49704576 1359 840 1431 952
text 0.5037855 1528 646 1562 755
text 0.51788354 1031 656 1050 745
text 0.5209955 323 74 395 213
text 0.5368123 1428 417 1573 587
text 0.55901235 1540 850 1559 947
text 0.5699444 1161 85 1178 151
text 0.6696102 734 892 757 1025
