face 0.3278764 906 785 1079 991
face 0.49314302 203 446 295 541
face 0.49533236 585 897 640 965
face 0.5039243 1444 502 1496 565
face 0.5323356 158 661 243 752
face 0.54228723 333 132 355 168
face 0.55219644 88 1011 149 1076
face 0.5707267 214 970 266 1039
face 0.57763714 1381 950 1460 1039
face 0.5965837 445 942 502 1005
face 0.6235836 962 476 1025 546
face 0.63458955 1237 816 1334 952
face 0.71412694 1396 711 1485 810
text 0.40982747 183 56 212 120
text 0.45414984 90 396 134 507
text 0.4950521 374 394 393 477
text 0.5057907 344 854 431 975
text 0.5137762 1141 670 1154 735
text 0.5498257 698 846 755 984
text 0.5748932 1520 653 1561 778
text 0.5804057 1115 439 1169 612
text 0.61495477 1537 902 1552 941
text 0.62037367 1367 63 1420 225
text 0.67630243 451 60 495 168
text 0.6898327 243 840 313 951
text 0.71832305 896 253 962 357
text 0.7292916 1485 77 1561 184
text 0.7319188 577 56 595 124
text 0.7836224 952 84 997 182
