face 0.30427146 603 135 713 248
face 0.34501597 1019 636 1113 733
face 0.35009107 1163 449 1217 505
face 0.3695064 1418 653 1468 716
face 0.3789874 1338 151 1412 229
face 0.38215154 913 199 984 280
face 0.41219708 1345 407 1428 498
face 0.4317612 982 364 1038 412
face 0.43628222 614 398 670 463
face 0.45763195 141 404 230 486
face 0.51065034 552 655 643 740
face 0.5245818 432 434 488 503
face 0.56484777 1091 140 1181 234
face 0.6182961 1262 620 1313 686
face 0.65417933 1008 944 1074 1012
face 0.6635429 162 678 390 926
face 0.6689914 585 932 672 1025
face 0.68337876 246 125 364 245
text 0.35056764 885 350 900 413
text 0.3687368 516 261 533 300
text 0.39771885 914 633 936 704
text 0.44959524 525 832 548 895
text 0.51547635 979 48 1041 154
text 0.5328187 1210 55 1254 132
text 0.5559555 1481 63 1545 190
text 0.5580552 86 50 155 312
text 0.569725 437 564 482 686
text 0.61313397 1184 624 1218 704
text 0.6132694 442 60 461 185
text 0.63289297 732 363 757 507
text 0.6806074 515 344 548 414
text 0.7095634 297 358 377 505
text 0.7199023 112 942 169 1069
text 0.74135137 1510 371 1553 511
