face 0.32440004 276 118 351 195
face 0.35506737 514 598 577 670
face 0.3686388 132 944 195 1009
face 0.4307232 1427 781 1450 810
face 0.4581694 983 962 1101 1065
face 0.5276346 622 125 725 260
face 0.5300857 495 956 537 1016
face 0.54084724 1312 807 1335 845
face 0.54521906 1309 94 1475 274
face 0.5702233 312 649 376 725
face 0.6092504 973 131 1143 310
face 0.61269665 578 400 676 489
face 0.648405 629 946 693 1015
face 0.69300425 975 692 1104 813
face 0.7272974 1147 442 1308 581
face 0.8091335 308 865 375 964
text 0.32260793 543 806 611 916
text 0.3740379 926 441 991 579
text 0.3761548 85 567 154 775
text 0.4360122 81 823 143 911
text 0.4772913 706 580 746 668
text 0.5002053 424 566 442 615
text 0.561312 407 967 428 1083
text 0.5676067 715 824 756 937
text 0.6308922 1208 74 1282 183
text 0.63478404 1464 649 1555 764
text 0.65386266 1157 656 1235 762
text 0.6605683 463 90 483 143
text 0.6684521 211 822 243 872
text 0.70039904 1181 923 1224 1026
text 0.7197926 723 58 752 143
text 0.72266436 99 402 140 499
text 0.7375305 1317 685 1339 721
text 0.7729451 1436 430 1503 536
text 0.815962 526 196 582 312