face 0.45657405 611 872 645 910
face 0.47324258 146 568 224 656
face 0.5061751 597 230 647 292
face 0.50957817 216 974 323 1079
face 0.5504479 229 621 293 686
face 0.5556873 1049 92 1122 180
face 0.57896715 533 558 620 649
face 0.59971195 292 218 453 360
face 0.67627746 1294 118 1364 192
face 0.7141909 115 115 288 270
face 0.7441851 1001 359 1135 476
face 0.75041974 193 804 292 899
text 0.37740678 336 522 355 565
text 0.41769925 958 791 1020 883
text 0.42703623 734 231 756 310
text 0.4535475 381 786 412 901
text 0.5802292 430 533 468 625
text 0.6182469 376 959 416 1016
text 0.6260578 1195 340 1253 527
text 0.6468131 690 85 738 154
text 0.66778326 85 958 130 1080
text 0.67930526 1494 81 1548 147
text 0.7081881 481 70 529 168
text 0.71202636 1197 82 1214 158
text 0.7917145 1184 583 1285 696
text 0.8220631 894 632 981 743
text 0.8250083 891 83 964 240
text 0.83347946 1373 881 1444 1008
