face 0.31875694 1328 113 1485 265
face 0.3393446 206 494 258 557
face 0.3407966 128 509 171 561
face 0.34932664 82 471 123 539
face 0.35570535 930 88 1088 269
face 0.43607706 1082 561 1162 658
face 0.4407576 890 596 965 677
face 0.44389898 1432 563 1479 617
face 0.45203567 376 726 529 874
face 0.4629851 1270 417 1320 484
face 0.48867932 1149 381 1212 455
face 0.49577832 529 471 585 534
face 0.56736827 1348 595 1396 650
face 0.639371 94 730 257 924
text 0.33958924 704 412 750 490
text 0.340386 1015 527 1029 571
text 0.35100517 715 617 757 708
text 0.41956308 459 417 501 486
text 0.45143068 1188 530 1238 663
text 0.45615923 906 364 974 479
text 0.4588268 1479 362 1560 477
text 0.4788453 260 413 291 494
text 0.4969769 90 86 154 215
text 0.51077247 166 408 182 451
text 0.53857046 980 729 1012 878
text 0.5445582 267 941 314 1021
text 0.56528 1067 354 1086 408
text 0.57820976 1273 538 1309 644
text 0.5817931 598 669 621 738
text 0.6436796 1146 114 1199 259
text 0.64801407 610 412 627 458
text 0.651838 478 63 519 185
text 0.732789 664 874 712 1016
