face 0.30815375 555 1000 603 1074
face 0.3501717 258 879 424 1037
face 0.3956667 1271 136 1293 164
face 0.43943202 298 411 363 485
face 0.50769705 485 630 576 717
face 0.5482379 960 930 1021 991
face 0.5848796 1333 142 1366 179
face 0.5929116 213 600 321 716
face 0.65868205 1120 975 1181 1041
face 0.6906788 1009 441 1178 619
face 0.69159514 1421 435 1486 513
face 0.6923424 1052 719 1149 814
text 0.3327869 652 580 734 733
text 0.3509189 1538 376 1586 465
text 0.37450337 684 808 745 947
text 0.39704734 575 840 598 920
text 0.45240197 447 942 515 1044
text 0.46550754 341 647 392 739
text 0.51348627 1222 897 1314 1010
text 0.560684 680 345 747 454
text 0.58061635 111 395 178 507
text 0.5831805 306 148 409 294
text 0.58902895 138 798 155 839
text 0.60249424 421 346 439 411
text 0.6036996 1389 69 1426 130
text 0.62032783 903 402 951 566
text 0.6349918 1054 870 1092 944
text 0.67646754 1462 76 1565 210
text 0.71344787 1265 396 1294 485
text 0.7151585 683 74 745 182
text 0.7182535 81 572 149 699
text 0.75471216 1242 692 1260 762
text 0.78828025 1136 64 1204 184
