face 0.43682894 295 892 325 930
face 0.4585682 142 889 181 941
face 0.4917081 548 498 564 520
face 0.52307874 131 360 240 452
face 0.54956865 173 645 249 730
face 0.55319166 1034 514 1079 575
face 0.5955777 541 899 639 1044
face 0.67900705 1167 114 1411 364
face 0.6996137 1121 542 1180 605
face 0.7390455 1300 833 1355 887
face 0.8933803 1290 508 1412 686
text 0.46791396 304 561 357 679
text 0.49717316 1308 1006 1339 1073
text 0.50725806 675 834 748 960
text 0.5410878 72 859 89 940
text 0.5573833 999 749 1016 791
text 0.596705 686 299 745 416
text 0.59873396 77 573 99 673
text 0.6603894 396 818 440 933
text 0.7375469 310 313 375 453
text 0.7390707 221 817 238 872
text 0.7407637 1223 482 1246 550
text 0.7411469 906 970 958 1110
text 0.753264 417 313 485 445
text 0.7661646 944 108 971 198
text 0.8316935 1509 765 1571 999
text 0.83400226 912 475 949 612
text 0.8627293 1494 561 1526 691