face 0.509251 936 115 1050 239
face 0.539758 346 429 496 568
face 0.542108 1321 135 1436 244
face 0.5472632 1110 629 1135 655
face 0.5717897 494 678 667 826
face 0.57186836 1354 943 1518 1095
face 0.6231316 214 178 282 242
face 0.63202274 1115 366 1187 445
face 0.645584 1317 388 1382 473
face 0.67385787 236 710 348 815
face 0.6818418 609 125 677 205
face 0.7287427 90 182 156 253
text 0.396708 1474 354 1560 506
text 0.42288208 897 889 986 1054
text 0.50340456 915 375 978 488
text 0.5591953 85 644 138 772
text 0.57159096 621 414 756 602
text 0.60500574 1136 56 1176 309
text 0.61406195 649 791 674 861
text 0.69281954 1218 74 1285 193
text 0.70002604 1196 551 1243 628
text 0.7092183 1019 345 1035 391
text 0.73991704 1219 880 1273 1041
text 0.77684885 1529 893 1547 990
text 0.77902293 110 426 201 527
text 0.80750096 693 639 744 812
text 0.81460476 1494 55 1570 312
text 0.8591195 567 953 631 1065
