face 0.45346725 298 512 482 699
face 0.5746168 110 996 160 1072
face 0.5801552 1247 970 1310 1040
face 0.60568315 320 1017 364 1071
face 0.6370079 997 88 1093 181
face 0.6453297 999 956 1084 1049
face 0.6570609 1010 300 1097 379
face 0.6756584 575 828 653 927
face 0.7155231 145 776 210 848
face 0.73646563 1002 644 1081 743
text 0.3107504 666 85 747 399
text 0.4178871 1154 945 1167 1005
text 0.5705435 711 756 744 868
text 0.6042083 1136 583 1169 644
text 0.6098263 1334 1017 1361 1075
text 0.6674926 1137 327 1179 383
text 0.71784294 1184 255 1204 299
text 0.7321376 1182 457 1203 540
text 0.7352584 894 285 960 384
text 0.74400306 1159 81 1213 184
text 0.749228 313 67 371 156
text 0.7585544 180 89 194 152
text 0.7672641 897 924 927 1053
text 0.7777577 592 470 757 665
text 0.8041277 1513 598 1549 854
text 0.8266377 1455 63 1552 239
text 0.88022506 220 920 233 977
text 0.9111846 447 900 477 1082
