face 0.35389543 277 826 513 1075
face 0.36793366 1313 85 1465 230
face 0.37220693 171 131 283 238
face 0.37981185 1440 713 1479 752
face 0.42672014 1022 397 1127 499
face 0.4403973 1422 481 1457 520
face 0.48217377 560 365 663 470
face 0.54759693 265 395 319 468
face 0.5535595 195 607 283 702
face 0.5905495 991 926 1134 1057
face 0.62486464 1170 189 1230 251
face 0.736385 1429 982 1506 1069
face 0.74049014 536 106 633 255
text 0.33622816 1068 72 1131 194
text 0.389815 141 459 165 510
text 0.44139233 473 57 509 211
text 0.44168016 890 860 944 978
text 0.44534096 1527 373 1554 425
text 0.46356824 696 615 759 757
text 0.46660918 360 335 408 497
text 0.5303731 357 539 382 595
text 0.547481 894 591 971 808
text 0.549648 1178 850 1259 1009
text 0.5705087 896 368 970 497
text 0.58198464 1532 858 1555 959
text 0.59020865 454 353 511 471
text 0.60128176 1515 599 1561 711
text 0.6152745 692 79 755 295
text 0.63161016 1203 368 1239 456
text 0.6372077 1180 592 1330 797
text 0.6418779 197 328 212 386
text 0.66567177 307 73 438 289
text 0.676011 897 91 911 138
text 0.6857122 1251 85 1268 147
text 0.71141607 1532 96 1554 211
text 0.7734236 662 804 747 1097
