face 0.30991295 568 383 597 427
face 0.46665666 130 534 231 628
face 0.4843464 242 729 494 985
face 0.6450332 131 68 195 139
face 0.65992326 901 525 970 598
face 0.68994236 1420 551 1466 602
face 0.71798944 239 81 298 142
face 0.73769975 131 252 232 338
face 0.7728919 1252 147 1490 401
face 0.81924325 868 136 1022 311
text 0.6026409 285 504 375 676
text 0.6094826 1026 474 1080 577
text 0.73876005 599 744 745 967
text 0.7530616 80 585 127 674
text 0.7611705 1528 498 1554 587
text 0.8105406 141 957 162 1056
text 0.8310746 1108 85 1129 218
