face 0.30813226 76 877 258 1160
face 0.3937304 346 252 373 288
face 0.40587234 1407 52 1527 188
face 0.5262232 172 649 237 719
face 0.6435551 418 912 579 1068
face 0.68231034 926 162 1018 251
face 0.7216725 1353 293 1480 401
face 0.7490278 1098 578 1368 807
face 0.8086085 1182 361 1276 456
face 0.8365501 1139 879 1313 1027
text 0.36911136 1093 34 1109 130
text 0.56089497 1446 866 1506 1018
text 0.5609393 219 893 249 952
text 0.5993528 1430 438 1481 546
text 0.60726386 610 120 716 247
text 0.7592319 942 862 983 960
text 0.81570554 915 614 970 761
text 0.82878244 1486 613 1538 757
