face 0.33894584 104 112 158 179
face 0.4302833 98 357 147 414
face 0.4764777 1116 955 1182 1026
face 0.4845096 554 176 603 240
face 0.51575947 402 101 448 151
face 0.5548042 149 522 262 636
face 0.56209373 1039 692 1134 783
face 0.63730234 1314 734 1435 835
face 0.64162934 567 507 596 546
face 0.6608135 581 785 662 866
face 0.6719887 247 347 303 414
face 0.685532 204 740 289 825
face 0.6887238 1449 245 1524 331
text 0.43220043 480 62 530 140
text 0.43692452 893 653 942 875
text 0.48805717 342 495 363 557
text 0.4889072 516 289 575 401
text 0.49778545 375 689 394 763
text 0.55034775 319 916 399 1024
text 0.55311775 1283 208 1311 312
text 0.55930984 452 702 477 796
text 0.6056894 90 707 125 863
text 0.6250812 187 179 204 250
text 0.6312652 162 280 181 330
text 0.6621948 1014 505 1040 611
text 0.69005764 352 284 370 399
text 0.6932158 1193 671 1230 790
text 0.7018355 908 932 955 1056
text 0.7311128 665 78 748 222
text 0.77186507 1532 669 1553 775
text 0.8288724 1438 945 1541 1077
