face 0.3144608 306 486 547 711
face 0.3198554 1091 98 1121 134
face 0.34673604 1280 750 1435 896
face 0.46071404 1417 453 1469 516
face 0.5081017 1327 89 1401 167
face 0.53643245 1085 951 1151 1021
face 0.5518014 481 769 564 859
face 0.61918914 163 802 331 963
face 0.6192213 506 939 613 1048
face 0.6292372 984 424 1105 539
face 0.6577292 954 682 1063 783
face 0.6661435 1252 425 1307 497
face 0.67918056 892 958 966 1048
face 0.7011536 620 264 708 355
face 0.8439643 113 115 351 387
text 0.39088923 1254 61 1277 163
text 0.41275227 1356 357 1374 438
text 0.59180915 1176 56 1219 143
text 0.627771 1163 377 1183 452
text 0.6337124 717 912 735 967
text 0.64435107 1505 612 1566 736
text 0.668879 904 380 949 488
text 0.6757674 1141 609 1161 713
text 0.6938124 1507 377 1572 498
text 0.74517053 460 82 571 271
text 0.7652263 1509 70 1572 183
text 0.7700051 675 86 741 159
text 0.78220624 617 735 743 869
text 0.7927803 379 961 400 1075
text 0.7970447 990 869 1006 923
