face 0.44114235 383 445 468 558
face 0.49368486 1233 507 1320 590
face 0.5283628 255 560 535 779
face 0.6899964 1335 152 1502 330
face 0.71348107 196 153 325 283
face 0.725645 943 150 1112 309
face 0.7636087 1143 421 1256 519
face 0.8815119 505 162 620 262
text 0.50251865 1362 942 1383 1039
text 0.5317052 480 387 510 427
text 0.67469525 658 592 712 724
text 0.77815443 106 213 126 330
text 0.8235465 947 662 969 751
text 0.8587808 146 908 217 1046
text 0.86035246 646 817 704 956
text 0.8853795 378 86 403 164
text 0.9135989 1228 637 1308 744
