face 0.41739377 1085 414 1153 483
face 0.5016572 980 661 1046 724
face 0.5124933 1330 884 1415 970
face 0.5548811 951 929 1004 987
face 0.5776434 1321 395 1380 465
face 0.5855101 1212 399 1276 465
face 0.65773666 1067 927 1126 981
face 0.6902433 1196 101 1314 212
face 0.82140255 153 386 259 503
text 0.30758375 1376 85 1533 269
text 0.36780182 1370 567 1515 743
text 0.4514536 894 71 994 195
text 0.52469856 908 388 930 435
text 0.53533864 885 784 942 947
text 0.5395077 1111 784 1203 903
text 0.5487351 1220 932 1238 977
text 0.590994 893 550 957 648
text 0.593593 1456 785 1523 980
text 0.6236848 951 226 971 290
text 0.6371499 1429 335 1532 469
