face 0.34275773 1325 631 1402 709
face 0.40141764 162 688 191 719
face 0.41069815 640 576 679 621
face 0.41288143 1032 630 1100 710
face 0.5240692 1213 164 1295 256
face 0.5473393 202 620 271 686
face 0.59070116 1180 897 1310 1010
face 0.6592296 70 638 127 700
face 0.67053854 1219 634 1290 712
face 0.67210084 171 847 318 990
text 0.37130013 1376 784 1535 975
text 0.38579562 1111 500 1262 645
text 0.49261972 1015 504 1091 592
text 0.49887118 721 422 747 563
text 0.5516321 1401 511 1512 635
text 0.5976606 911 993 945 1038
text 0.6071759 1473 71 1527 380
text 0.6234963 1034 102 1077 197
text 0.6428287 900 780 976 906
text 0.6752066 887 507 946 620
text 0.68770874 600 51 746 256
text 0.7854206 359 759 416 868
text 0.8079372 304 613 347 713
text 0.86982983 76 757 143 890
