face 0.3002518 1136 604 1185 658
face 0.3012183 1320 66 1435 175
face 0.3063286 1116 1008 1162 1064
face 0.41729572 1052 641 1087 679
face 0.44179407 1112 382 1152 423
face 0.52212924 947 1018 989 1065
face 0.568161 128 192 173 247
face 0.57658976 306 140 374 215
face 0.61869156 1255 525 1334 610
face 0.6427492 326 375 474 521
face 0.65499324 499 80 596 178
text 0.39973557 901 812 926 887
text 0.4070824 1489 514 1572 664
text 0.4663883 1277 739 1352 883
text 0.47746956 432 582 474 723
text 0.4792983 1513 734 1558 839
text 0.49017996 1383 981 1425 1088
text 0.5081127 616 386 754 544
text 0.58419186 1119 296 1162 344
text 0.6115935 120 388 175 518
text 0.6121935 924 530 1009 669
text 0.62293524 996 297 1028 376
text 0.63556045 649 591 738 726
text 0.6732204 1506 64 1567 200
text 0.6825002 1024 920 1045 975
text 0.6833824 1277 933 1351 1052
text 0.70200706 672 967 748 1082
text 0.7204203 70 63 105 169
text 0.7670524 219 65 262 167
