face 0.30553794 547 943 605 1004
face 0.3471266 185 598 228 648
face 0.3483634 479 982 523 1029
face 0.39888987 549 93 630 174
face 0.4032206 60 603 94 650
face 0.49385944 116 606 156 654
face 0.5058388 464 593 506 653
face 0.558266 1129 837 1311 1016
face 0.6110916 972 119 1113 243
face 0.6480989 595 597 639 652
text 0.30932435 162 936 177 978
text 0.4012945 445 179 492 302
text 0.4484392 524 759 588 864
text 0.44895908 512 507 588 609
text 0.48993447 683 511 755 668
text 0.5265185 73 359 135 460
text 0.53193444 189 77 265 171
text 0.5567507 305 353 413 466
text 0.57310873 361 753 380 815
text 0.57641035 172 779 223 882
text 0.6378692 699 78 754 233
text 0.64089525 390 642 429 730
text 0.6657841 904 856 964 1021
text 0.6933413 106 511 131 553
text 0.72265077 388 515 425 606
text 0.7943062 1174 74 1195 180
text 0.7965007 1538 864 1569 1057
text 0.83986163 1527 703 1577 815
