face 0.32408443 1058 417 1112 473
face 0.35473165 933 464 982 525
face 0.35585174 1297 107 1398 248
face 0.4669933 890 715 1045 930
face 0.52421063 1233 395 1299 471
face 0.58215404 1234 692 1405 879
face 0.6015805 613 242 666 298
face 0.6792079 104 99 254 227
face 0.6833829 366 538 448 617
face 0.72860557 1456 454 1489 492
text 0.3124484 1238 496 1271 558
text 0.37191725 1110 84 1170 202
text 0.374908 1159 974 1187 1077
text 0.4547316 544 586 607 664
text 0.5440076 86 567 201 782
text 0.6080721 1518 579 1549 708
text 0.61487764 1209 138 1242 227
text 0.6261731 1352 388 1368 423
text 0.6641708 96 252 129 303
text 0.6652876 318 335 345 434
text 0.6926273 897 241 917 328
text 0.7229499 1511 75 1565 188
text 0.7542725 701 89 742 147
text 0.77117115 269 69 338 198
text 0.7945302 1123 452 1198 547
text 0.8240719 570 855 736 1032
text 0.8251189 109 880 247 1081