face 0.48927554 1052 451 1118 522
face 0.49089316 1030 201 1076 249
face 0.50533587 923 380 977 445
face 0.51825345 1462 96 1520 161
face 0.5184958 137 979 291 1121
face 0.5185249 1331 422 1415 509
face 0.5617767 960 644 1045 724
face 0.565162 926 164 966 211
face 0.58898556 500 1020 537 1067
face 0.6521338 1319 997 1362 1045
face 0.674143 992 876 1088 973
text 0.3593201 1129 845 1175 978
text 0.36388928 1290 268 1311 318
text 0.39267707 1004 82 1041 139
text 0.42861798 1143 608 1202 760
text 0.46348646 1529 833 1562 956
text 0.48367053 1240 432 1283 537
text 0.4954903 137 83 232 216
text 0.49786958 1505 377 1568 515
text 0.49819195 91 296 239 450
text 0.50263304 904 521 921 560
text 0.53301954 553 946 599 1030
text 0.5986491 653 557 715 651
text 0.6048178 709 959 762 1064
text 0.6303504 1176 229 1254 314
text 0.6348619 610 69 752 228
text 0.6735762 145 791 208 920
text 0.6768199 687 274 731 351
text 0.6894989 1525 190 1568 318
text 0.7464119 309 959 369 1071