face 0.30386034 1411 99 1475 188
face 0.39061955 619 68 673 138
face 0.40816465 1317 983 1405 1067
face 0.4326392 1029 782 1123 879
face 0.4402538 1037 555 1114 630
face 0.44615343 1312 290 1369 361
face 0.4507683 1408 767 1486 859
face 0.46416932 290 681 336 737
face 0.49330112 147 656 195 711
face 0.51325595 110 349 257 479
face 0.51655287 1213 422 1293 514
face 0.51744473 1294 121 1353 206
face 0.52506346 1273 766 1349 861
face 0.530037 318 110 417 210
face 0.5532942 500 161 560 237
face 0.5550948 145 122 216 194
face 0.6505558 541 357 623 441
face 0.8355515 284 959 396 1066
text 0.3286372 903 416 948 548
text 0.35694572 200 818 254 949
text 0.44342664 1195 741 1229 854
text 0.4707297 217 78 234 111
text 0.49922693 270 90 290 204
text 0.5166957 893 259 911 351
text 0.56375617 1113 98 1202 216
text 0.60757726 1507 61 1556 209
text 0.6314856 1489 261 1547 363
text 0.63243175 1083 413 1114 469
text 0.6326381 90 592 130 693
text 0.65555286 312 408 378 546
text 0.661006 383 602 425 709
text 0.6809997 94 162 110 254
text 0.7440609 168 1048 194 1093
text 0.7487304 1241 269 1280 351
text 0.75197124 895 744 978 898
text 0.77580774 1238 98 1260 210
text 0.7941916 1482 955 1549 1065
