face 0.31760356 1325 101 1400 185
face 0.36389732 956 442 1008 493
face 0.3690637 441 403 593 546
face 0.4334244 1335 914 1392 981
face 0.4676086 926 106 1083 255
face 0.48563045 1078 467 1126 527
face 0.4959595 127 130 173 180
face 0.5206025 65 926 179 1029
face 0.52842426 299 901 417 1011
face 0.5525426 535 921 641 1028
face 0.56243914 1036 951 1077 1001
face 0.64066976 1266 608 1384 723
face 0.65783805 1003 645 1107 740
text 0.3395088 892 821 915 872
text 0.35397542 1249 82 1278 151
text 0.37593284 215 842 237 959
text 0.39175856 221 184 240 229
text 0.41325778 659 307 746 466
text 0.42357925 1520 831 1560 924
text 0.44736734 430 847 490 1110
text 0.45722467 891 430 930 511
text 0.55245984 288 483 315 521
text 0.57926416 1143 399 1186 479
text 0.5808768 707 856 744 988
text 0.60784274 401 78 420 151
text 0.6433462 1179 578 1195 642
text 0.6699545 1210 969 1278 1057
text 0.688981 1069 819 1108 892
text 0.7347073 1396 819 1434 874
text 0.75538474 468 77 502 187
text 0.75835943 1487 576 1555 741
