face 0.42832336 100 481 163 550
face 0.52188694 1060 1019 1127 1084
face 0.52648014 505 434 564 510
face 0.6582439 318 472 367 534
face 0.82107556 994 80 1079 158
text 0.5464472 289 98 317 170
text 0.5523372 1402 398 1512 536
text 0.5532318 1494 57 1537 151
text 0.5819749 432 818 451 891
text 0.5877382 345 655 385 777
text 0.5978171 904 639 919 706
text 0.6231036 524 50 595 342
text 0.6667222 396 395 413 451
text 0.68379927 955 424 1022 520
text 0.7016009 1290 183 1327 279
text 0.70762765 84 234 136 352
text 0.72947353 615 396 764 599
text 0.74143267 187 393 250 489
text 0.75025165 126 733 162 789
text 0.7566531 736 265 754 346
text 0.77128464 1202 91 1249 172
text 0.7923983 1437 320 1449 367
text 0.796788 614 652 765 867
text 0.81139976 1508 629 1536 784
text 0.9025565 1092 604 1170 708
