face 0.31092954 204 980 249 1030
face 0.35671067 1169 317 1218 385
face 0.38774222 973 575 1112 694
face 0.49901885 112 102 226 233
face 0.515366 125 453 171 497
face 0.52163196 1048 980 1090 1029
face 0.5274093 460 418 635 594
face 0.54356784 980 96 1029 139
face 0.55343366 1323 631 1441 749
face 0.5666998 637 950 682 1005
face 0.57864 1354 354 1426 415
face 0.6506438 43 440 100 498
face 0.6529446 215 440 266 492
face 0.69763005 939 998 985 1053
text 0.34959546 1075 797 1195 934
text 0.3681412 1472 68 1535 164
text 0.3795982 451 865 498 1016
text 0.38206556 1099 81 1120 142
text 0.40707487 90 754 137 836
text 0.41356793 373 874 413 986
text 0.44658953 171 620 284 776
text 0.4555712 1170 544 1191 638
text 0.4604682 728 201 758 311
text 0.52088404 1491 324 1526 443
text 0.5435544 1288 47 1329 149
text 0.54528296 247 55 307 192
text 0.54555 1516 523 1568 622
text 0.5527435 966 809 983 880
text 0.5940929 695 353 758 480
text 0.6371835 83 872 186 1028
text 0.6507667 712 874 760 1008
text 0.67621374 1073 322 1126 425
text 0.73224145 261 351 277 422
text 0.77455527 107 344 162 405
