face 450 571 528 646
text 600 958 740 1121
text 156 476 184 533
text 124 959 196 1061
face 233 271 301 349
text 179 1075 250 1138
text 692 66 738 175
text 211 109 245 208
text 352 442 494 596
text 675 231 750 359
face 113 829 157 882
face 172 823 225 874
face 381 958 562 1133
face 441 149 585 287
face 193 572 268 665
text 112 115 152 200
face 129 283 189 349
text 102 685 185 808
text 637 460 747 558
text 318 142 356 233
text 255 687 363 900
text 635 703 753 907
text 90 448 143 557
face 566 559 641 643
text 221 448 326 640
face 93 574 162 657