text 372 74 432 158
face 1154 887 1277 981
text 709 322 753 392
face 452 174 523 241
text 1549 822 1563 894
text 90 918 157 1031
face 235 971 308 1031
face 936 915 1054 993
face 173 397 472 650
text 505 318 535 471
text 94 736 147 843
text 1528 374 1560 403
face 1075 448 1146 500
text 1203 178 1243 324
text 1047 804 1090 901
face 604 118 678 184
face 589 532 646 603
face 698 526 766 579
text 1326 377 1371 518
text 1405 655 1446 768
text 1377 859 1399 938
face 948 423 1031 492
text 734 66 751 117
face 997 116 1122 213
text 1314 818 1338 863
text 1539 91 1554 144
text 320 89 334 141
text 380 917 460 1043
text 573 322 644 430
text 1379 1036 1399 1101
face 1309 90 1452 213
face 235 770 357 858
face 1223 435 1279 498
face 130 101 291 222