face 528 477 652 655
text 881 310 956 494
text 1072 987 1130 1066
text 485 958 522 1047
text 1424 73 1518 219
face 236 114 325 216
text 93 995 133 1092
text 1149 294 1247 496
face 153 402 313 569
text 401 309 447 395
face 1027 357 1071 389
text 692 742 754 869
text 380 43 449 160
face 504 329 767 703
text 87 728 187 852
face 1162 87 1283 217
face 1225 824 1272 869
face 1471 1010 1493 1070
text 485 40 577 163
face 877 804 1019 946
text 1082 731 1129 866
face 142 151 202 256
text 732 85 758 214
text 712 960 756 1068
text 1324 725 1352 834
text 381 758 455 846
text 1390 1038 1416 1091
face 628 1004 685 1057
text 93 63 112 114
face 603 140 703 226
face 554 781 660 867
text 691 336 755 438
face 542 1010 590 1063
text 943 75 987 204