face 485 591 544 656
text 1127 86 1169 202
text 982 68 1067 185
face 1284 685 1334 732
face 1293 495 1350 552
text 887 423 960 561
text 1415 883 1560 1080
face 1073 912 1268 1078
text 1146 416 1200 522
text 1348 320 1371 389
face 1167 673 1210 720
text 262 785 304 842
text 687 545 762 695
text 931 893 984 1064
text 1532 653 1557 724
text 1504 68 1557 177
text 1492 424 1561 589
face 1106 280 1166 327
face 1394 499 1453 558
face 1012 277 1069 336
text 1207 73 1253 192
text 182 537 220 630
text 1247 406 1270 477
text 120 760 193 876
text 428 539 477 644
face 986 485 1088 582
face 1005 679 1046 726
text 897 725 940 798
text 664 125 740 256
face 671 921 719 984
face 239 149 534 414
text 371 769 434 874
face 1406 677 1447 728
face 885 262 956 333
text 1230 638 1264 691
face 55 600 147 693
face 604 612 669 666
face 132 918 167 972
text 464 776 533 923
text 1088 743 1144 840
face 285 594 388 688
text 894 91 937 218
face 341 918 385 977
face 505 965 586 1039
text 720 775 760 871
face 214 934 285 996