text 1364 841 1429 956
text 540 774 556 839
text 640 78 767 245
face 1357 709 1400 783
text 1436 418 1568 603
text 1058 399 1163 575
face 1241 815 1325 911
text 1504 74 1563 192
face 1296 139 1447 266
text 1540 850 1565 961
text 159 697 264 796
face 338 965 404 1019
text 1035 657 1054 751
face 554 940 680 1043
text 647 344 754 468
text 1532 637 1564 773
face 102 971 161 1024
face 1461 741 1512 791
text 1153 80 1184 161
face 459 115 589 227
face 968 137 1138 276
face 1312 501 1383 570
text 737 889 758 1038
text 136 869 287 922
text 326 74 395 220
face 191 998 250 1052
face 1201 493 1272 562
face 1079 821 1176 911
face 913 495 1002 586
text 631 707 726 807
face 1401 959 1513 1065
face 885 841 993 955
face 141 97 277 217
face 356 402 574 580
face 370 691 515 818
text 1128 654 1297 695