text 1110 443 1170 613
text 1522 662 1559 772
face 445 952 502 1005
face 512 537 529 560
face 586 903 651 966
face 218 974 295 1052
face 1390 723 1495 800
face 1382 956 1465 1042
face 191 447 321 537
text 310 614 402 802
text 251 839 308 948
text 715 69 752 131
text 1488 79 1559 189
text 1143 679 1153 738
face 1302 508 1358 568
face 1201 802 1342 956
face 144 669 268 759
face 86 1016 152 1079
text 900 258 970 360
text 454 56 502 174
text 1538 912 1558 952
face 1142 185 1165 202
text 93 400 127 512
text 1372 74 1429 225
text 376 404 391 475
text 176 56 222 126
face 1447 511 1501 562
face 1085 197 1105 220
text 580 60 591 129
text 568 434 599 463
face 326 137 367 169
text 341 851 434 987
face 965 479 1031 547
face 637 511 668 539
text 701 847 762 995
text 960 90 1003 177
face 879 772 1080 990