face 1277 624 1315 678
face 153 680 448 911
face 998 953 1081 1006
face 577 930 692 1033
text 508 348 551 422
text 1213 62 1256 127
text 1508 369 1552 517
face 990 365 1036 413
face 142 412 235 495
text 90 60 162 297
text 1190 350 1285 500
text 717 838 770 970
face 913 203 996 274
text 914 628 934 706
text 114 940 170 1076
face 925 381 972 421
face 248 139 366 239
text 981 53 1043 161
face 1009 636 1114 732
text 713 565 753 646
face 606 407 677 472
text 1136 974 1162 1031
text 1185 626 1223 709
text 1348 575 1371 588
text 527 838 544 897
face 1090 149 1187 242
face 427 431 490 500
text 298 357 375 509
text 444 56 459 195
text 732 357 757 511
face 601 152 719 254
face 1153 453 1201 501
face 557 651 649 751
face 1338 410 1433 507
text 438 559 484 692
text 1479 54 1559 203
text 885 351 899 414
face 1413 651 1469 702
text 1499 584 1568 661
text 518 264 535 293
face 1332 143 1416 233
text 1443 815 1561 988