text 920 440 988 586
face 1318 818 1339 841
text 1471 633 1555 769
text 427 571 441 605
text 1537 123 1553 189
face 309 654 381 720
text 208 823 249 870
text 1205 75 1279 185
face 1146 453 1306 582
text 102 409 141 498
text 1437 431 1502 531
text 405 968 433 1080
face 129 953 204 1009
text 542 804 614 922
face 491 959 542 1022
face 626 953 704 1019
face 1424 792 1442 819
face 981 695 1111 810
face 980 965 1107 1073
text 1178 921 1225 1029
text 711 580 748 674
face 955 139 1165 303
face 266 115 371 198
text 719 828 759 936
face 304 887 387 964
text 1165 657 1239 771
face 1314 91 1478 270
face 509 599 587 674
text 1317 686 1341 730
text 79 839 145 910
face 576 400 687 491
text 723 63 756 147
text 467 94 481 145
text 525 190 581 321
text 90 577 164 777
face 625 140 745 252