face 518 566 618 649
face 653 313 713 360
face 1292 123 1360 188
text 377 788 412 897
text 86 961 124 1087
text 738 229 752 309
text 695 94 745 159
text 1378 879 1441 1019
text 1200 74 1216 165
text 1497 87 1550 151
text 343 537 359 565
face 191 808 303 897
face 1047 97 1133 175
face 209 986 326 1080
text 487 81 529 169
text 1192 327 1266 530
face 598 244 651 294
face 220 633 303 693
text 899 638 983 739
text 374 959 418 1018
face 147 585 227 645
face 307 226 465 366
text 1187 574 1282 710
face 95 115 277 275
face 618 884 645 903
text 95 348 118 388
face 1008 360 1134 472
text 889 78 972 250
text 964 806 1008 877
text 432 548 469 620
face 1136 822 1163 856