text 1274 534 1308 648
face 1350 601 1393 648
face 1188 821 1231 862
text 705 415 765 496
face 938 96 1083 253
text 1522 532 1576 597
text 1195 532 1239 656
text 447 422 509 499
face 209 502 260 549
face 1274 428 1317 479
face 652 504 699 561
face 884 604 977 678
text 664 885 707 1009
face 378 740 526 870
text 1477 364 1566 482
face 1134 388 1209 450
face 130 517 171 561
text 909 370 972 478
text 1153 115 1196 260
text 1072 357 1086 407
text 1014 534 1033 581
text 975 737 1007 877
text 481 60 524 194
face 1335 123 1473 260
text 258 412 293 499
text 600 677 616 742
face 527 482 586 539
text 171 402 184 449
text 270 944 314 1022
face 71 476 122 544
text 87 75 164 230
text 717 624 753 713
face 360 126 382 150
face 1153 796 1194 843
face 1075 578 1172 659
text 612 411 628 464
face 1424 566 1483 619
face 93 746 237 924