text 1237 691 1260 765
face 482 620 600 719
face 289 422 366 487
face 949 936 1021 1001
text 576 835 602 925
text 452 955 512 1045
text 144 800 156 834
text 1267 399 1290 489
text 422 349 438 418
text 1394 60 1426 137
text 1225 882 1320 1025
text 1538 384 1585 468
text 903 400 954 570
face 545 1005 605 1065
text 1462 60 1562 212
text 683 348 752 458
text 80 577 155 704
face 1014 436 1175 618
face 675 1039 728 1098
face 1416 436 1494 510
text 656 572 749 739
text 677 78 749 190
face 255 887 428 1041
face 497 364 575 435
face 207 609 309 717
face 1047 731 1152 809
text 1139 67 1205 182
face 469 114 607 237
text 115 401 178 510
text 346 655 391 726
face 77 924 183 1029
text 1050 870 1091 947
face 1124 977 1178 1030
text 309 155 409 303
face 123 115 293 236
text 678 798 750 958
face 1338 145 1369 182