face 541 505 564 529
face 1145 111 1441 361
face 291 900 328 944
face 1032 519 1079 573
text 1309 1016 1344 1077
text 304 568 370 677
text 938 102 970 214
face 1115 554 1184 599
face 963 827 1114 930
face 1284 511 1408 683
face 635 495 654 522
face 141 897 185 942
text 411 309 489 446
text 916 463 952 611
text 678 838 753 964
face 1360 944 1416 991
face 1009 971 1221 1144
text 73 867 88 947
text 400 824 446 927
text 306 313 377 460
text 692 310 737 419
face 1302 838 1359 886
text 1225 481 1246 553
text 1496 562 1540 695
face 159 637 271 736
text 224 820 239 872
text 79 571 96 681
text 1507 772 1573 995
text 910 968 987 1100
face 536 921 651 1033
face 135 361 246 457