text 1132 79 1178 297
text 632 416 753 602
face 1115 376 1198 448
face 1112 637 1135 660
text 1199 553 1246 625
text 1214 80 1294 206
text 686 648 754 794
text 1496 53 1572 304
text 1528 894 1548 1000
face 1320 133 1438 248
text 914 372 980 487
face 239 728 348 811
face 491 674 660 832
text 567 947 639 1071
face 215 185 280 242
text 1475 346 1560 510
text 115 425 212 534
face 604 140 687 199
text 1020 337 1038 396
face 350 434 482 561
face 1033 940 1148 1051
text 655 796 670 867
text 1219 878 1272 1050
face 96 192 159 251
face 1320 402 1380 470
face 1364 956 1515 1092
text 897 885 992 1052
text 79 649 144 781
face 931 115 1049 226