text 1131 333 1177 383
face 102 995 165 1060
face 444 169 473 196
text 1470 69 1536 251
face 990 651 1086 745
text 455 905 475 1091
face 142 781 213 846
text 1512 606 1544 854
face 564 829 654 929
text 1136 588 1167 644
text 179 86 199 151
text 1187 461 1203 535
face 324 1023 368 1074
face 251 151 272 178
text 896 919 935 1064
text 594 472 759 663
text 220 907 237 991
text 891 281 966 404
face 1295 728 1372 782
text 1183 252 1202 317
text 1332 1011 1369 1073
face 1011 301 1088 382
text 659 62 758 429
text 711 762 749 865
text 313 63 378 165
text 1163 83 1215 183
face 996 91 1107 184
face 1232 980 1301 1049
face 999 956 1092 1052
face 277 517 521 705