text 898 375 967 486
text 1067 74 1131 201
text 900 597 972 801
face 1444 725 1476 750
face 1004 658 1145 775
face 1164 197 1241 250
text 1201 372 1242 465
text 199 329 211 392
face 531 108 642 256
face 1320 93 1462 233
text 1192 591 1328 806
text 1519 602 1563 713
text 1534 90 1560 217
face 260 410 326 461
text 98 799 176 999
face 1005 394 1125 505
text 662 799 752 1110
text 358 336 407 499
face 177 606 307 711
face 990 928 1141 1040
text 471 66 508 216
text 1534 851 1554 962
face 269 851 518 1077
text 1532 381 1552 420
text 316 63 434 301
text 693 84 758 285
face 1418 482 1458 519
text 893 867 947 973
text 898 91 911 139
text 148 458 168 514
text 1182 848 1256 1012
face 160 129 298 235
face 1433 993 1513 1065
text 1253 81 1267 147
face 1372 453 1410 484
face 551 358 663 469
text 684 620 761 752
text 448 361 516 469
face 1384 683 1427 724