face 1415 66 1530 174
text 916 617 972 769
text 1516 275 1535 366
text 101 252 197 404
face 184 654 238 720
face 338 256 366 284
text 1058 246 1072 339
text 613 114 725 268
text 944 867 991 969
text 1513 86 1560 210
face 55 939 280 1161
text 312 916 337 1016
face 1182 72 1222 100
text 903 244 929 364
face 1176 369 1275 456
face 993 617 1429 806
face 422 910 583 1080
face 384 669 415 695
text 714 904 734 1043
text 714 606 736 669
text 491 612 508 683
face 1145 885 1315 1027
text 1453 861 1500 1025
text 1492 603 1540 761
text 80 597 149 700
text 1087 43 1103 139
face 1358 299 1481 408
face 931 164 1026 248
text 220 900 248 951
text 1430 447 1489 540