face 568 514 597 537
face 1038 695 1135 785
face 560 194 604 245
face 104 117 163 176
text 485 71 531 145
face 674 393 709 424
text 1532 671 1548 789
text 378 695 386 758
text 167 280 182 333
text 343 501 360 550
face 1311 735 1441 835
face 577 793 667 868
text 662 70 749 237
face 245 351 304 410
text 1014 507 1043 612
text 185 185 207 248
text 353 283 370 400
text 513 294 573 409
text 1287 210 1304 307
face 401 112 445 160
face 1106 968 1171 1028
text 317 920 401 1018
face 99 372 153 415
face 202 746 292 814
text 903 943 947 1052
text 456 698 475 801
text 1443 945 1539 1090
face 1447 250 1516 330
face 159 537 261 637
text 77 715 130 867
text 1190 666 1226 803
text 897 660 948 878