face 476 774 573 857
text 679 91 744 164
face 962 679 1055 775
face 1091 103 1113 132
text 1510 75 1573 190
text 1167 380 1183 446
face 619 265 705 349
text 467 75 572 284
face 1251 440 1304 491
face 111 145 369 374
face 889 965 967 1049
text 907 386 950 490
text 378 956 398 1085
face 1419 470 1466 513
text 995 858 1009 929
face 1082 953 1160 1028
face 177 815 332 963
text 623 720 737 871
face 519 950 611 1050
text 1360 357 1373 432
text 1499 613 1566 740
text 1504 379 1572 506
face 1295 746 1452 878
text 1145 606 1162 729
face 990 425 1102 536
face 1323 90 1401 170
text 1174 57 1215 140
face 310 520 528 692
text 722 914 737 967
text 1257 53 1274 164