text 1396 782 1534 964
face 1219 167 1294 251
text 898 784 985 908
text 1035 105 1079 196
face 168 858 310 995
face 160 698 201 723
face 1336 641 1397 713
face 1225 649 1297 714
face 1180 894 1310 1002
text 882 511 962 620
face 200 621 265 689
text 75 753 151 899
text 303 612 350 718
text 1459 80 1531 381
text 363 768 416 848
text 723 428 748 557
face 73 648 126 702
text 911 1002 950 1037
text 1403 506 1515 654
text 1020 510 1097 597
text 610 53 740 257
face 1027 637 1095 708
text 1116 517 1271 647
face 641 571 679 630
face 468 637 505 669