text 1512 734 1559 843
text 651 196 747 342
text 676 966 743 1091
text 995 287 1038 387
text 1492 520 1581 662
text 624 381 752 545
face 920 315 963 380
text 899 811 930 893
text 1385 991 1430 1080
text 1279 739 1356 886
face 1053 651 1076 682
text 1121 300 1164 353
face 1308 69 1437 178
face 612 752 641 790
text 1026 922 1049 973
face 129 204 180 248
face 1171 977 1245 1037
text 431 577 483 723
text 908 527 1017 671
face 1051 447 1086 475
face 975 416 1004 444
text 68 72 104 177
text 217 66 263 160
face 1115 1007 1155 1066
face 1106 393 1154 438
face 303 145 380 216
face 1130 614 1177 665
text 652 589 745 738
face 337 387 504 529
text 1282 932 1349 1063
face 1240 523 1333 612
face 981 86 1111 206
face 940 1022 994 1067
text 122 393 180 524
text 1502 61 1571 211
face 503 84 592 177