text 1100 469 1121 548
text 75 369 138 458
text 358 735 383 838
face 111 614 159 654
text 908 859 963 1009
text 191 505 207 531
text 450 178 498 306
text 1175 78 1198 182
face 414 982 470 1035
text 504 502 588 613
text 1540 874 1575 1051
text 264 744 322 802
text 194 80 262 182
text 1297 488 1317 547
face 462 603 508 657
text 165 950 173 991
text 505 759 602 859
text 117 505 133 555
face 184 608 228 649
text 306 349 420 465
text 696 79 763 246
face 984 115 1141 242
face 481 980 528 1033
text 1516 711 1585 817
text 389 521 434 602
text 174 784 227 884
face 47 614 95 655
text 1551 501 1581 542
face 592 606 636 653
face 1133 851 1328 1021
face 527 615 571 665
face 545 949 600 997
text 686 513 766 660
text 73 523 91 557
face 542 93 654 179
text 392 645 429 717