text 702 92 742 145
text 1113 77 1168 209
face 610 253 663 294
text 275 76 337 204
face 880 719 1068 937
text 1166 977 1184 1088
text 94 254 131 307
text 542 590 601 672
text 1520 585 1546 705
face 1228 382 1302 473
text 1514 80 1557 202
face 1235 704 1450 871
text 93 574 197 794
text 1240 495 1274 558
text 1351 390 1369 423
text 122 883 238 1076
face 1450 465 1496 497
face 361 542 463 619
face 1287 114 1422 238
face 1057 412 1114 477
text 901 244 915 334
text 1130 449 1201 557
text 571 867 731 1017
face 111 99 255 225
face 925 473 979 514
text 304 335 351 434
text 1206 141 1239 229