face 1462 102 1531 165
text 1242 435 1281 547
text 685 288 729 341
face 147 989 286 1126
face 993 867 1105 976
text 910 531 927 562
text 139 75 243 222
text 1145 604 1214 767
text 1530 832 1565 963
face 1058 464 1120 518
text 1148 367 1210 539
text 893 915 966 1069
face 957 643 1057 730
text 1295 280 1310 312
text 619 61 749 218
text 1526 187 1574 333
text 1173 232 1257 313
text 1100 765 1115 796
text 1137 839 1180 987
text 102 295 237 443
face 928 167 963 211
face 1029 210 1075 253
face 1326 425 1416 512
text 712 962 757 1070
face 934 387 977 444
text 1006 78 1045 143
text 1504 372 1571 535
text 555 954 595 1031
text 311 963 378 1077
face 628 983 679 1042
text 654 564 718 654
face 1364 151 1435 213
face 500 1023 548 1073
face 1195 887 1288 992
face 1305 1013 1361 1050
text 127 792 217 920