text 382 289 457 369
text 96 165 111 258
face 1308 989 1426 1078
text 1081 414 1116 471
face 285 965 405 1076
text 320 400 372 557
face 500 180 562 234
face 144 661 191 712
text 1109 97 1205 227
face 1039 556 1116 633
face 616 87 678 140
text 1240 103 1254 221
face 881 77 914 110
face 1415 114 1475 183
text 269 80 294 195
text 214 91 243 105
text 387 612 432 701
face 960 514 1034 614
text 1451 411 1548 613
face 1271 778 1351 864
text 887 736 976 909
face 148 137 222 197
text 1239 276 1279 347
text 1508 739 1557 893
face 1305 298 1364 360
face 1018 781 1133 892
face 107 351 256 469
text 894 260 911 350
text 1488 964 1557 1053
face 1412 780 1493 854
text 189 822 260 963
face 1070 121 1086 141
face 540 360 629 440
face 289 694 351 744
text 900 415 947 563
face 1201 425 1319 524
text 165 1045 197 1101
text 1510 66 1555 214
text 1492 258 1549 374
face 1289 134 1355 197
face 1409 293 1460 344
face 952 126 972 149
text 686 295 768 444
text 1192 745 1235 858
text 89 605 134 696
face 322 120 430 217