face 117 129 177 185
text 712 856 750 1002
face 1329 109 1409 180
face 512 910 648 1028
face 1260 603 1381 714
face 1033 958 1086 1008
text 1132 402 1184 484
face 901 909 960 965
text 225 188 237 223
text 1210 970 1273 1060
text 405 83 422 153
face 1082 483 1135 530
text 897 821 920 865
text 1391 821 1437 872
face 303 909 424 1012
face 955 434 1008 496
text 889 435 934 507
text 289 479 314 522
face 1462 977 1533 1027
face 907 105 1076 247
text 1241 100 1289 148
text 468 85 506 186
text 427 863 495 1100
text 660 310 751 475
text 1072 826 1111 897
face 1001 648 1140 750
text 215 852 241 960
face 1330 927 1389 983
text 1176 584 1193 644
text 1517 831 1557 916
text 1235 318 1266 350
face 75 922 194 1039
face 447 412 604 551
text 1488 574 1563 741
text 1115 129 1180 262