text 396 396 413 449
face 493 442 565 517
text 947 425 1025 514
text 282 111 320 166
text 1493 65 1541 156
face 313 465 379 542
text 627 667 761 859
text 1511 629 1536 783
text 903 645 919 711
text 128 736 170 789
text 1202 94 1249 184
face 260 556 306 604
text 1099 613 1169 702
text 1410 399 1518 545
face 107 496 158 553
text 737 263 751 350
text 1295 188 1333 278
text 624 399 762 601
text 89 242 137 354
face 280 876 305 899
text 487 226 593 311
text 188 395 255 506
face 475 720 491 743
face 1038 1023 1141 1101
text 348 655 392 780
face 527 661 558 681
face 999 81 1094 159
text 1433 323 1447 364
text 572 61 593 187
text 434 813 450 903