text 1105 84 1121 136
text 260 354 273 428
text 377 869 416 997
face 209 986 246 1021
face 558 915 614 972
face 120 464 171 507
face 52 448 97 509
face 1051 982 1105 1026
text 1519 535 1579 625
text 455 869 498 1017
face 450 428 663 598
text 237 56 314 198
text 1074 325 1127 432
text 545 182 574 211
text 1491 322 1532 445
face 1168 324 1227 396
face 978 97 1040 150
text 174 616 281 785
face 89 103 231 233
text 1467 57 1532 169
text 1083 803 1199 954
text 215 218 237 262
face 980 580 1131 700
text 89 758 149 841
face 1342 351 1428 426
text 723 200 755 320
text 695 354 765 482
text 84 876 186 1040
text 1293 54 1327 148
text 967 809 983 879
face 313 946 361 994
face 586 86 701 189
text 104 349 169 401
text 1223 151 1247 172
text 1175 548 1193 635
face 938 1007 991 1052
face 631 952 677 1011
text 717 877 760 1004
face 212 442 278 499
face 1317 636 1463 754